%Variables Constantes de distancias%
F = 14;     %[in]
I= 2 + 1/2; %[in]
J= 4 + 3/8; %[in]
H= 2 + 1/2; %[in]
G= 4 + 1/8; %[in]

%Variable Constate de fuerza de 2 toneladas en libras
P= 4409.25; %[lb]

%Variable constantes de medidas según A [B C K]
matrizMedidasA = [20 22 24 26 28 30;78 84 90 96 108 120;30 30 42 42 42 36;96.75 108.75 120.25 132.25 144.25 156.25];
